+7 936 937 3553
+7 925 085 4664
+7 925 473 9997
+7 926 871 7444
+7 925 213 0660
+7 929 978 7778
+7 925 106 4994
+7 925 109 4884
+7 925 078 6446
+7 925 207 9449
+7 925 093 6886
+7 925 207 8668
+7 925 093 4114
+7 925 081 6776
+7 925 096 4554
+7 925 124 3993
+7 925 078 4666
+7 925 571 8338
+7 925 089 1551
+7 925 102 9889
+7 925 201 9449
+7 925 082 4114
+7 925 089 3553
+7 925 098 1331
+7 925 201 6996
+7 925 078 2992
+7 925 126 3993
+7 925 093 4554
+7 925 209 3443
+7 925 213 4994
+7 925 214 8338
+7 925 229 8883
+7 925 210 4441
+7 925 094 7667
+7 925 217 6633
+7 925 223 5554
+7 925 105 6446
+7 925 103 9779
+7 925 201 3388
+7 925 127 9444
+7 926 382 6161